0 0 0 1.0
0 1 0 1.0
0 2 8 1.0
0 3 1 1.0
0 4 0 1.0
0 5 8 1.0
0 6 10 1.0
0 7 5 1.0
0 8 1 1.0
0 9 4 1.0
0 10 2 1.0
0 11 0 1.0
0 12 0 1.0
0 13 0 1.0
0 14 0 1.0
0 15 4 1.0
0 16 0 1.0
0 17 3 1.0
0 18 1 1.0
0 19 4 1.0
0 20 0 1.0
0 21 0 1.0
0 22 8 1.0
0 23 1 1.0
0 24 0 1.0
0 25 1 1.0
0 26 1 1.0
0 27 2 1.0
0 28 0 1.0
0 29 2 1.0
0 30 11 1.0
0 31 0 1.0
0 32 0 1.0
0 33 0 1.0
0 34 0 1.0
1 0 0 1.0
1 1 0 1.0
1 2 12 1.0
1 3 2 1.0
1 4 2 1.0
1 5 2 1.0
1 6 2 1.0
1 7 0 1.0
1 8 7 1.0
1 9 7 1.0
1 10 0 1.0
1 11 3 1.0
1 12 2 1.0
1 13 0 1.0
1 14 8 1.0
1 15 2 1.0
1 16 1 1.0
1 17 1 1.0
1 18 1 1.0
1 19 1 1.0
1 20 0 1.0
1 21 0 1.0
1 22 0 1.0
1 23 0 1.0
1 24 0 1.0
1 25 0 1.0
1 26 1 1.0
1 27 0 1.0
1 28 0 1.0
1 29 0 1.0
1 30 0 1.0
1 31 0 1.0
1 32 0 1.0
1 33 0 1.0
1 34 0 1.0
2 0 0 1.0
2 1 2 1.0
2 2 1 1.0
2 3 1 1.0
2 4 3 1.0
2 5 1 1.0
2 6 10 1.0
2 7 0 1.0
2 8 1 1.0
2 9 0 1.0
2 10 7 1.0
2 11 7 1.0
2 12 2 1.0
2 13 2 1.0
2 14 6 1.0
2 15 5 1.0
2 16 0 1.0
2 17 0 1.0
2 18 1 1.0
2 19 6 1.0
2 20 0 1.0
2 21 0 1.0
2 22 0 1.0
2 23 0 1.0
2 24 0 1.0
2 25 6 1.0
2 26 0 1.0
2 27 4 1.0
2 28 1 1.0
2 29 0 1.0
2 30 2 1.0
2 31 5 1.0
2 32 1 1.0
2 33 1 1.0
2 34 1 1.0
3 0 0 1.0
3 1 0 1.0
3 2 7 1.0
3 3 7 1.0
3 4 3 1.0
3 5 0 1.0
3 6 0 1.0
3 7 0 1.0
3 8 1 1.0
3 9 0 1.0
3 10 0 1.0
3 11 0 1.0
3 12 0 1.0
3 13 2 1.0
3 14 1 1.0
3 15 2 1.0
3 16 0 1.0
3 17 0 1.0
3 18 0 1.0
3 19 0 1.0
3 20 0 1.0
3 21 1 1.0
3 22 3 1.0
3 23 0 1.0
3 24 3 1.0
3 25 2 1.0
3 26 3 1.0
3 27 1 1.0
3 28 0 1.0
3 29 0 1.0
3 30 0 1.0
3 31 0 1.0
3 32 2 1.0
3 33 0 1.0
3 34 0 1.0
